%YAML:1.0


cam0:
  T_cam_imu:
    - [0.0019596465173218336, -0.9999021546839235, -0.013850662221598198, -0.0004251984933539972]
    - [0.0002590480155112984, 0.013851195946518707, -0.9999040340277559, 0.013355832696177933]
    - [0.9999980463379194, 0.001955870471376464, 0.0002861661167736784, -0.0012478337505370369]
    - [0.0, 0.0, 0.0, 1.0]
  cam_overlaps: [1]
  camera_model: pinhole
  distortion_coeffs: [-0.001108238780315422, 0.00027941153637541763, 0.00014076747665249173, 4.465201239886784e-05]
  distortion_model: radtan
  intrinsics: [594.9695679178901, 594.9595241727556, 642.5113438855268, 360.3547221649213]
  resolution: [1280, 720]
  rostopic: /camera/left
  timeshift_cam_imu: -0.07281864965163817

cam1:
  T_cam_imu:
    - [0.0019245783743361833, -0.9999022495537704, -0.01384873046132834, -0.10018736664926631]
    - [0.00022634009644101338, 0.013849191322812787, -0.9999040697336244, 0.013347408308018472]
    - [0.9999981223823582, 0.001921259226031924, 0.0002529718257175406, -0.0013184334445854738]
    - [0.0, 0.0, 0.0, 1.0]
  T_cn_cnm1:
    - [0.9999999993832422, -1.9419732804630126e-06, -3.506770722286243e-05, -0.09976218597817295]
    - [1.9408261532771378e-06, 0.999999999463086, -3.271178617215588e-05, -8.46437462299951e-06]
    - [3.50677707294488e-05, 3.271171809165732e-05, 0.9999999988500975, -7.102167695408137e-05]
    - [0.0, 0.0, 0.0, 1.0]
  cam_overlaps: [0]
  camera_model: pinhole
  distortion_coeffs: [-0.0010917630609651066, 0.00027362420709731866, 0.00013766330456026237, 4.065588556306961e-05]
  distortion_model: radtan
  intrinsics: [594.9549548334418, 594.9533923293839, 642.5322727502027, 360.37645731756606]
  resolution: [1280, 720]
  rostopic: /camera/right
  timeshift_cam_imu: -0.0939551860827375
