%YAML:1.0

imu0:
  T_i_b:
    - [1.0, 0.0, 0.0, 0.0]
    - [0.0, 1.0, 0.0, 0.0]
    - [0.0, 0.0, 1.0, 0.0]
    - [0.0, 0.0, 0.0, 1.0]
  accelerometer_noise_density: 0.00568268905
  accelerometer_random_walk: 0.00036966372
  gyroscope_noise_density: 0.00116298201
  gyroscope_random_walk: 3.58756e-05
  rostopic: /d456/d456/imu
  time_offset: 0.0
  update_rate: 200
  # three different modes supported:
  # "calibrated" (same as "kalibr"), "kalibr", "rpng"
  model: kalibr
  # how to get from Kalibr imu.yaml result file:
  #   - Tw is imu0:gyroscopes:M:
  #   - R_IMUtoGYRO: is imu0:gyroscopes:C_gyro_i:
  #   - Ta is imu0:accelerometers:M:
  #   - R_IMUtoACC not used by Kalibr
  #   - Tg is imu0:gyroscopes:A:
  Tw:
    - [0.9991799218061055, 0.0, 0.0]
    - [-0.0018250802157138192, 1.0021847918390445, 0.0]
    - [3.552924869044427e-05, -0.0038595105004078168, 0.9981384275632964]
  R_IMUtoGYRO:
    - [0.9999647402836919, 0.008383763576754265, -0.0004803099608135909]
    - [-0.00838728561744886, 0.9999338408273164, -0.0078719380271363]
    - [0.0004142817165935795, 0.007875688961660915, 0.999968900463429]
  Ta:
    - [0.993429881484265, 0.0, 0.0]
    - [0.0027097005219606724, 1.010022125134976, 0.0]
    - [-0.0011425013714600374, 0.0068480948395014535, 0.9908912383759539]
  R_IMUtoACC:
    - [ 1.0, 0.0, 0.0 ]
    - [ 0.0, 1.0, 0.0 ]
    - [ 0.0, 0.0, 1.0 ]
  Tg:
    - [6.506219985686322e-05, -0.0006490978451471292, -0.0002276112473420451]
    - [0.00010553989504431794, -0.0003183405049014008, -0.00019162129477613295]
    - [-0.00011935590687455678, -4.559981264507291e-05, -4.187137192600148e-05]
  
