%YAML:1.0

cam0:
  T_cam_imu:
    - [0.9999258952271235, 0.00599939278187335, -0.010592985437771799, 0.028777572929522915]
    - [-0.006004911144656275, 0.9999818506903614, -0.0004892157243198072, -0.006094112137680925]
    - [0.010589858185113826, 0.0005527894074101263, 0.9999437730830122, -0.010911203386745949]
    - [0.0, 0.0, 0.0, 1.0]
  cam_overlaps: [1]
  camera_model: pinhole
  distortion_coeffs: [-0.0015517703536294884, 0.0009847992658053117, 0.0005536715360007308, -0.0013790469470355625]
  distortion_model: radtan
  intrinsics: [387.30538905780446, 387.26522706075207, 321.5010215754559, 240.9062701767968]
  resolution: [640, 480]
  rostopic: /d456/d456/infra1/image_rect_raw
  timeshift_cam_imu: -0.0396192516974856
cam1:
  T_cam_imu:
    - [0.9998896017503802, 0.006020465517019178, -0.013584487712994872, -0.06155145972254261]
    - [-0.006014396368757098, 0.9999817944854225, 0.00048757977193649327, -0.006107961202371897]
    - [0.013587175857609523, -0.00040582345041065965, 0.9999076077116034, -0.01072467497745629]
    - [0.0, 0.0, 0.0, 1.0]
  T_cn_cnm1:
    - [0.9999955245764298, 2.2753781745584828e-05, -0.002991706766259955, -0.09036140831714001]
    - [-1.9832038863474975e-05, 0.9999995228902924, 0.000976640095809441, -2.624935585266112e-06]
    - [0.0029917275611432, -0.0009765763932864805, 0.9999950479201118, 9.442835201105623e-05]
    - [0.0, 0.0, 0.0, 1.0]
  cam_overlaps: [0]
  camera_model: pinhole
  distortion_coeffs: [-0.0007647244409262179, -0.0010783057774696179, -0.0006471436175674586, -0.0006109369737996984]
  distortion_model: radtan
  intrinsics: [387.12811551434595, 387.25071247935034, 322.86526370664274, 240.3247989037338]
  resolution: [640, 480]
  rostopic: /d456/d456/infra2/image_rect_raw
  timeshift_cam_imu: -0.039489383306468936


