%YAML:1.0


cam0:
  T_cam_imu:
    - [0.9996782923752601, 0.013733085744007903, -0.021324026581093093, 0.027507320478696876]
    - [-0.013127198587648194, 0.99951333214001, 0.02829797751808107, -0.008187808215306985]
    - [0.021702267414348324, -0.028008949111330495, 0.9993720580238145, -0.011314419772463467]
    - [0.0, 0.0, 0.0, 1.0]
  cam_overlaps: []
  camera_model: pinhole
  distortion_coeffs: [-0.029694581559957755, 0.017077213156351204, -0.004396604964657542, 0.0021475764064313074]
  distortion_model: radtan
  intrinsics: [411.8188454057284, 412.9360486417548, 429.19645266029147, 228.04387449986473]
  resolution: [848, 480]
  rostopic: /d456/d456/infra1/image_rect_raw
