%YAML:1.0


cam0:
  T_cam_imu:
    - [0.9997749861433339, 0.006822066776158172, -0.02008572844080941, -0.028363425433854592]
    - [-0.006666641637812179, 0.9999473962836583, 0.007794905695740859, -0.003983628074630486]
    - [0.020137849224018196, -0.007659247380398624, 0.9997678745379832, -0.018971889132989146]
    - [0.0, 0.0, 0.0, 1.0]
  cam_overlaps: []
  camera_model: pinhole
  distortion_coeffs: [-0.06570233874727581, 0.04558550812058542, 7.44864766224062e-05, 0.001284423696723471]
  distortion_model: radtan
  intrinsics: [378.82438355598794, 378.5692813109117, 322.33218928845184, 241.52085946967497]
  resolution: [640, 480]
  rostopic: /d456/d456/color/image_raw
  timeshift_cam_imu: -0.03981167437796625




